Monte Carlo symulacja dla Belka, pf_MC = 0 / 100000 = 0.0
u_max: -4.1824787113038874e-07
u_min: -576802.8894436846
u_mean: -40.45335263957428
u_std: 2019.0834685462971
u_var: 4076698.052956946
u_cov: -49.911400089274416
