Monte Carlo symulacja dla Belka, pf_MC = 0 / 10000 = 0.0
u_max: -1.3148820416672602e-06
u_min: -75353.08223994808
u_mean: -28.578500840254367
u_std: 788.8498841395224
u_var: 622284.139706938
u_cov: -27.602913412042405
