Monte Carlo symulacja dla Belka, pf_MC = 0 / 1000000 = 0.0
u_max: -2.3176551743128185e-08
u_min: -832834.5529984408
u_mean: -37.88290682860012
u_std: 1851.5331040076085
u_var: 3428174.8352360497
u_cov: -48.875159247541504
