Monte Carlo symulacja dla Belka, pf_MC = 0 / 10000 = 0.0
u_max: -6.554014418558048e-07
u_min: -40430.01486540393
u_mean: -36.513058692744536
u_std: 674.0602687152406
u_var: 454357.24586046237
u_cov: -18.460799857591287
