Monte Carlo symulacja dla Belka, pf_MC = 0 / 10000 = 0.0
u_max: -9.506732055068506e-07
u_min: -30472.42106281465
u_mean: -30.97139743096527
u_std: 513.403744655434
u_var: 263583.4050262221
u_cov: -16.57670583963163
