Monte Carlo symulacja dla Belka, pf_MC = 0 / 100000 = 0.0
u_max: -4.799159434245037e-07
u_min: -556007.9012723417
u_mean: -45.15962628016945
u_std: 2146.402329976259
u_var: 4607042.962127513
u_cov: -47.52923145687744
