Monte Carlo symulacja dla Belka, pf_MC = 0 / 10000 = 0.0
u_max: -2.9950434418138743e-07
u_min: -42629.88984072486
u_mean: -32.52313068595359
u_std: 560.8877601061366
u_var: 314595.0794368791
u_cov: -17.245810851425148
