Monte Carlo symulacja dla Belka, pf_MC = 0 / 100000 = 0.0
u_max: -7.918080109220285e-08
u_min: -292793.02231987176
u_mean: -37.775393638263274
u_std: 1375.6420380875468
u_var: 1892391.0169536597
u_cov: -36.41635216989871
