Monte Carlo symulacja dla Belka, pf_MC = 0 / 100000 = 0.0
u_max: -2.2482657450361429e-07
u_min: -62706.94043006378
u_mean: -26.021487067372114
u_std: 459.02253118751133
u_var: 210701.6841377898
u_cov: -17.640134478058776
