Monte Carlo symulacja dla Belka, pf_MC = 0 / 100000 = 0.0
u_max: -2.107641843542801e-07
u_min: -304406.851020133
u_mean: -33.42923292539999
u_std: 1216.47085665141
u_var: 1479801.3450822155
u_cov: -36.38943374399473
