Monte Carlo symulacja dla Belka, pf_MC = 0 / 1000000 = 0.0
u_max: -1.7327210160633394e-08
u_min: -932248.1675832848
u_mean: -34.54997961450104
u_std: 1686.3567906005553
u_var: 2843799.225204605
u_cov: -48.80919784661092
