Monte Carlo symulacja dla Belka, pf_MC = 0 / 10000 = 0.0
u_max: -2.7770588394128713e-06
u_min: -64598.07865450666
u_mean: -34.56086643928607
u_std: 822.918130478618
u_var: 677194.2494704237
u_cov: -23.810691549769405
