Monte Carlo symulacja dla Belka, pf_MC = 0 / 1000000 = 0.0
u_max: -5.737875146424754e-08
u_min: -999295.5756508328
u_mean: -36.1299056181702
u_std: 1780.9468215084464
u_var: 3171771.5810410385
u_cov: -49.29287223525946
