Monte Carlo symulacja dla Belka, pf_MC = 0 / 1000000 = 0.0
u_max: -2.9086691563749374e-08
u_min: -709393.0052591738
u_mean: -36.79402793286107
u_std: 1639.0520800270622
u_var: 2686491.721041039
u_cov: -44.54668793038585
