Monte Carlo symulacja dla Konstrukcja_pretowa, pf_MC = 0 / 10000 = 0.0
u_max: 0.0038672751049127294
u_min: -0.0010517872906859876
u_mean: 3.460930948430731e-05
u_std: 0.00013414982637897235
u_var: 1.7996175917508425e-08
u_cov: 3.8761197024112573
