Monte Carlo symulacja dla Konstrukcja_pretowa, pf_MC = 0 / 1000000 = 0.0
u_max: 0.03286728982216997
u_min: -0.005899344662880413
u_mean: 3.491379185957936e-05
u_std: 0.00016336676086959828
u_var: 2.6688698557024508e-08
u_cov: 4.679146897783176
