Monte Carlo symulacja dla Konstrukcja_pretowa, pf_MC = 0 / 10000 = 0.0
u_max: 0.00423824502545233
u_min: -0.0011603128537384661
u_mean: 3.3399368178258216e-05
u_std: 0.0001452455949626638
u_var: 2.1096282856058192e-08
u_cov: 4.348752772431589
