Monte Carlo symulacja dla Konstrukcja_pretowa, pf_MC = 0 / 100000 = 0.0
u_max: 0.010755824153854612
u_min: -0.005957591633043111
u_mean: 3.52606474932125e-05
u_std: 0.00016085608245824248
u_var: 2.5874679263812907e-08
u_cov: 4.5619151630498695
