Monte Carlo symulacja dla Konstrukcja_prentowa, pf_MC = 0 / 100000 = 0.0
u_max: 0.012056161143054706
u_min: -0.002716092010976633
u_mean: 3.556154103756466e-05
u_std: 0.00016362543173632413
u_var: 2.6773281910898468e-08
u_cov: 4.6011906954055215
