Monte Carlo symulacja dla Konstrukcja_prentowa, pf_MC = 0 / 10000 = 0.0
u_max: 0.005120792432592576
u_min: -0.0014583557770154628
u_mean: 3.4198613994663604e-05
u_std: 0.0001452578624000417
u_var: 2.1099846589029445e-08
u_cov: 4.247478053429531
