Monte Carlo symulacja dla Konstrukcja_prentowa, pf_MC = 0 / 1000000 = 0.0
u_max: 0.021605319499023414
u_min: -0.004737712364193751
u_mean: 3.521993379375554e-05
u_std: 0.00016235314007718684
u_var: 2.6358542092922652e-08
u_cov: 4.6096946413332525
