Monte Carlo symulacja dla Konstrukcja_pretowa, pf_MC = 0 / 100000 = 0.0
u_max: 0.009753978254291184
u_min: -0.0015066124263321842
u_mean: 3.560286615219983e-05
u_std: 0.00016297261050106466
u_var: 2.6560071773531727e-08
u_cov: 4.577513782299656
