Monte Carlo symulacja dla Kratownica, pf_MC = 0 / 1000000 = 0.0
u_max: 0.030313159853867483
u_min: -0.007678090222871865
u_mean: 3.506753376580034e-05
u_std: 0.00016213411869832586
u_var: 2.6287472446082818e-08
u_cov: 4.623482215234861
