Monte Carlo symulacja dla Kratownica, pf_MC = 0 / 100000 = 0.0
u_max: 0.008800502570110842
u_min: -0.002741011214421888
u_mean: 3.573091272513548e-05
u_std: 0.00015723956249661316
u_var: 2.4724280014126313e-08
u_cov: 4.400658995369029
