Monte Carlo symulacja dla Kratownica, pf_MC = 0 / 10000 = 0.0
u_max: 0.003781171549047133
u_min: -0.0010581360322949648
u_mean: 3.561633026502493e-05
u_std: 0.00015326523941309244
u_var: 2.3490233612352542e-08
u_cov: 4.303229397094798
