Monte Carlo symulacja dla Kratownica, pf_MC = 0 / 100000 = 0.0
u_max: 0.006415100985338775
u_min: -0.004623834655187453
u_mean: 3.3594654320194534e-05
u_std: 0.00014600995319345223
u_var: 2.131890643155411e-08
u_cov: 4.346225795384423
