Monte Carlo symulacja dla Kratownica, pf_MC = 0 / 1000000 = 0.0
u_max: 0.024176920555903158
u_min: -0.004154936312371477
u_mean: 3.4586006784756646e-05
u_std: 0.0001567635796126795
u_var: 2.4574819892980903e-08
u_cov: 4.532572395196866
