Monte Carlo symulacja dla Kratownica, pf_MC = 0 / 100000 = 0.0
u_max: 0.01949989332948377
u_min: -0.0018811995375992167
u_mean: 3.499315307915614e-05
u_std: 0.0001756797037241749
u_var: 3.086335830061387e-08
u_cov: 5.020402229166924
