Monte Carlo symulacja dla Kratownica, pf_MC = 0 / 1000000 = 0.0
u_max: 0.01609008951602599
u_min: -0.006020883035228672
u_mean: 3.497673214654523e-05
u_std: 0.0001560845468102353
u_var: 2.4362385752956532e-08
u_cov: 4.462525148326422
