Monte Carlo symulacja dla Kratownica, pf_MC = 0 / 10000 = 0.0
u_max: 0.00825208058621963
u_min: -0.0008823061786553054
u_mean: 3.810662786125573e-05
u_std: 0.00018941324774640107
u_var: 3.5877378421839506e-08
u_cov: 4.97061163312705
