Monte Carlo symulacja dla Kratownica, pf_MC = 0 / 10000 = 0.0
u_max: 0.005855750235750932
u_min: -0.0018970934368941592
u_mean: 3.278176413738638e-05
u_std: 0.00014226554776962185
u_var: 2.0239486082190558e-08
u_cov: 4.339777053284735
