Monte Carlo symulacja dla Rama, pf_MC = 0 / 100000 = 0.0
u_max: 0.0010572996485662014
u_min: -8662.771279590917
u_mean: -1.7761034621616205
u_std: 48.02279704328714
u_var: 2306.1890358607484
u_cov: -27.03828806506611
