Monte Carlo symulacja dla Rama, pf_MC = 0 / 1000000 = 0.0
u_max: 0.0014373273205386696
u_min: 0.00021954541446524064
u_mean: 0.0010672434526417395
u_std: 0.00017312010861791116
u_var: 2.9970572007877354e-08
u_cov: 0.16221238761351806
