Monte Carlo symulacja dla Rama, pf_MC = 0 / 100000 = 0.0
u_max: 0.0013795700129797888
u_min: 0.0002594494257795317
u_mean: 0.001067858231569115
u_std: 0.00017262328961873866
u_var: 2.979880011879493e-08
u_cov: 0.16165375188903616
