Monte Carlo symulacja dla Rama, pf_MC = 0 / 10000 = 0.0
u_max: 0.0013385468344200493
u_min: 0.0002673505592595734
u_mean: 0.0010672791426038842
u_std: 0.00017265054923297775
u_var: 2.980821215044887e-08
u_cov: 0.16176700390842005
