Monte Carlo symulacja dla Rama, pf_MC = 0 / 100000 = 0.0
u_max: 0.0013703938343422118
u_min: 0.00023068804907106107
u_mean: 0.001067249562708276
u_std: 0.00017386795406695735
u_var: 3.0230065451429595e-08
u_cov: 0.1629121811263583
