Monte Carlo symulacja dla Rama, pf_MC = 0 / 100000 = 0.0
u_max: 0.001389096661375449
u_min: 0.0002599026410784444
u_mean: 0.0010668965796388182
u_std: 0.0001731429056478957
u_var: 2.997846577619611e-08
u_cov: 0.1622864942603065
