Monte Carlo symulacja dla Rama, pf_MC = 0 / 100000 = 0.0
u_max: 0.001398723280910063
u_min: 0.000255572681825466
u_mean: 0.0010674118987833922
u_std: 0.000172781040310749
u_var: 2.985328789086468e-08
u_cov: 0.16186913459338448
