Monte Carlo symulacja dla Rama, pf_MC = 0 / 10000 = 0.0
u_max: 0.0013521629837749973
u_min: 0.00027047192851641804
u_mean: 0.001065550271777636
u_std: 0.00017713751282273863
u_var: 3.137769844902589e-08
u_cov: 0.1662404088426759
