Monte Carlo symulacja dla Rama, pf_MC = 0 / 1000000 = 0.0
u_max: 0.001408141882328255
u_min: 0.00023307699016646076
u_mean: 0.0010672749289836188
u_std: 0.00017329103082358037
u_var: 3.002978136389908e-08
u_cov: 0.1623677518487274
