Monte Carlo symulacja dla Rama, pf_MC = 0 / 1000000 = 0.0
u_max: 0.0013891569442879717
u_min: 0.0002443228046595858
u_mean: 0.0010672844629001554
u_std: 0.0001731181263974242
u_var: 2.996988568735454e-08
u_cov: 0.16220429736886316
