Monte Carlo symulacja dla Rama, pf_MC = 0 / 1000000 = 0.0
u_max: 0.0014376598315290383
u_min: 0.00021166424871366213
u_mean: 0.001067385435929593
u_std: 0.00017316360568458102
u_var: 2.998563433368506e-08
u_cov: 0.1622315612108495
