Monte Carlo symulacja dla Rama, pf_MC = 0 / 100000 = 0.0
u_max: 0.0013615299893175931
u_min: 0.00026375817897846416
u_mean: 0.0010669660762981379
u_std: 0.00017330710146697982
u_var: 3.0035351418886036e-08
u_cov: 0.1624298141401764
