Monte Carlo symulacja dla Rama, pf_MC = 0 / 1000000 = 0.0
u_max: 0.0014027774409672614
u_min: 0.00024361081169895025
u_mean: 0.0010670310841824975
u_std: 0.00017341125182852022
u_var: 3.0071462260734456e-08
u_cov: 0.16251752587074697
