Monte Carlo symulacja dla Rama, pf_MC = 0 / 10000 = 0.0
u_max: 0.0010148633258397685
u_min: -1832.0124013043937
u_mean: -1.473603705742347
u_std: 22.78494518239608
u_var: 519.1537269647944
u_cov: -15.462057467423284
