Monte Carlo symulacja dla Rama, pf_MC = 0 / 10000 = 0.0
u_max: 0.0010112898692589286
u_min: -941.0617605218908
u_mean: -1.538983027731308
u_std: 21.29833500737521
u_var: 453.6190740863845
u_cov: -13.839226699447202
