Monte Carlo symulacja dla Rama, pf_MC = 0 / 10000 = 0.0
u_max: 0.0013308276074729672
u_min: 0.0002696977334412118
u_mean: 0.0010686503688659276
u_std: 0.0001722187107498215
u_var: 2.9659284332330683e-08
u_cov: 0.16115533739307394
