Monte Carlo symulacja dla Rama, pf_MC = 0 / 10000 = 0.0
u_max: 0.001369711516522186
u_min: 0.00026928184369939335
u_mean: 0.0010646735933079873
u_std: 0.00017634925080512899
u_var: 3.1099058259530284e-08
u_cov: 0.16563691624698249
