Monte Carlo symulacja dla Rama, pf_MC = 0 / 100000 = 0.0
u_max: 0.0010325810049137715
u_min: -31090.95232104544
u_mean: -2.3272238378422134
u_std: 121.50175799442214
u_var: 14762.677195735125
u_cov: -52.20888339949189
