Monte Carlo symulacja dla Rama, pf_MC = 0 / 10000 = 0.0
u_max: 0.001356326989862013
u_min: 0.0002807453957903746
u_mean: 0.0010714213743459049
u_std: 0.00016886136478872044
u_var: 2.851416051830931e-08
u_cov: 0.15760499914593276
