Monte Carlo symulacja dla Rama, pf_MC = 0 / 1000000 = 0.0
u_max: 0.0010448076026638
u_min: -75028.58064562427
u_mean: -2.0484412803601595
u_std: 101.91224151910039
u_var: 10386.104971447448
u_cov: -49.75111685953822
