Monte Carlo symulacja dla Rama, pf_MC = 0 / 10000 = 0.0
u_max: 0.001051810310495537
u_min: -11819.03284035985
u_mean: -3.4773922731144427
u_std: 129.09723685733084
u_var: 16666.09656419778
u_cov: -37.1247264380984
